recruiter,recruit,degree,blk,testatus
35,1,6,1,s
47,2,6,1,s
26,3,10,1,s
10,5,6,0,s
24,6,6,0,s
,8,6,1,s
41,9,5,0,i
93,10,8,1,s
34,12,6,1,s
97,13,5,1,s
5,15,6,0,s
39,16,6,1,s
6,17,9,0,s
97,18,7,1,s
86,19,6,1,i
9,21,8,0,s
,22,8,0,s
71,23,3,0,s
86,24,6,1,i
85,25,6,1,s
72,26,9,0,s
78,27,5,1,s
59,28,5,1,s
56,29,9,0,s
12,30,6,1,s
,31,10,1,s
62,32,9,1,s
25,33,2,0,s
26,34,4,1,s
78,35,9,0,s
,36,9,0,s
46,37,9,0,s
8,38,4,1,i
18,39,5,1,s
32,40,5,0,i
59,41,9,1,s
15,42,10,1,s
16,43,2,1,s
28,44,10,1,s
92,45,4,1,s
79,46,5,0,s
46,47,7,0,s
9,48,4,0,s
8,51,3,1,s
92,52,2,1,s
70,54,5,0,s
74,55,6,0,s
,56,8,1,s
27,57,5,0,s
13,59,10,1,s
90,60,5,1,s
42,62,5,0,s
89,63,7,0,s
70,64,9,1,i
56,65,4,1,s
6,66,5,0,s
15,68,3,0,s
62,69,3,1,s
24,70,8,1,s
1,71,3,1,s
,72,7,1,s
97,73,4,1,s
,74,2,0,s
95,75,5,0,s
10,76,6,0,s
,78,8,1,i
35,79,7,0,s
78,80,6,1,s
27,81,8,1,s
56,82,11,0,s
28,83,6,0,s
35,84,5,0,s
87,85,7,1,s
46,86,5,0,i
30,87,2,0,s
9,88,3,0,s
57,89,6,0,s
55,90,5,1,i
51,91,3,0,s
19,92,8,1,s
29,93,6,1,i
70,94,4,1,i
80,95,3,0,i
31,96,4,1,s
38,97,9,1,s
